----------------------------------------------------
Encryption
----------------------------------------------------
000000000000000 0101100101110 10101101100011010010111100101100001
----------------------------------------------------
Step 1
000000000000000 0101100101110 10101101100011010010111100101100001
000000011 
----------------------------------------------------
Step 2
000000000000001 0110010111010 101101100011010010111100101100001
110100101 
----------------------------------------------------
Step 3
000000000001011 0010111010101 101100011010010111100101100001
100101101 
----------------------------------------------------
Step 4
000010110010111 0101011011000 11010010111100101100001
001101000 
----------------------------------------------------
Step 5
011001011101010 1101100011010 010111100101100001
100001001 
----------------------------------------------------
Step 6
101110101011011 0001101001011 1100101100001
000100010 
----------------------------------------------------
Step 7
111010101101100 0110100101111 00101100001
011101010 
----------------------------------------------------
Step 8
101101100011010 0101111001011 00001
110000111 
----------------------------------------------------
Step 9
011000110100101 1110010110000 1
111000110 
----------------------------------------------------
Step 10
001101001011110 0101100001--- 
011101010 
----------------------------------------------------
Step 11
001011110010110 0001--------- 
111000111 
----------------------------------------------------
111100101100001 ------------- 
----------------------------------------------------
----------------------------------------------------
Decryption
----------------------------------------------------
----------------------------------------------------
Step 1
000000000000000 000000011 110100101 100101101 001101000 100001001 000100010 011101010 110000111 111000110 011101010 111000111 

----------------------------------------------------
Step 2
000000000000001 110100101 100101101 001101000 100001001 000100010 011101010 110000111 111000110 011101010 111000111 
01 
----------------------------------------------------
Step 3
000000000001011 100101101 001101000 100001001 000100010 011101010 110000111 111000110 011101010 111000111 
01011 
----------------------------------------------------
Step 4
000010110010111 001101000 100001001 000100010 011101010 110000111 111000110 011101010 111000111 
01011001 0111 
----------------------------------------------------
Step 5
011001011101010 100001001 000100010 011101010 110000111 111000110 011101010 111000111 
01011001 01110101 0 
----------------------------------------------------
Step 6
101110101011011 000100010 011101010 110000111 111000110 011101010 111000111 
01011001 01110101 011011 
----------------------------------------------------
Step 7
111010101101100 011101010 110000111 111000110 011101010 111000111 
01011001 01110101 01101100 
----------------------------------------------------
Step 8
101101100011010 110000111 111000110 011101010 111000111 
01011001 01110101 01101100 011010 
----------------------------------------------------
Step 9
011000110100101 111000110 011101010 111000111 
01011001 01110101 01101100 01101001 01 
----------------------------------------------------
Step 10
001101001011110 011101010 111000111 
01011001 01110101 01101100 01101001 011110 
----------------------------------------------------
Step 11
001011110010110 111000111 
01011001 01110101 01101100 01101001 01111001 0110 
----------------------------------------------------
Step Last
01011001 01110101 01101100 01101001 01111001 01100001 
